56 3 0 0
1 1 0 1 
2 1 0.333333 1 
3 1 0.666667 1 
4 1 1 1 
5 0.666667 0 1 
6 0.666667 0.333333 1 
7 0.666667 0.666667 1 
8 0.666667 1 1 
9 0.333333 0 1 
10 0.333333 0.333333 1 
11 0.333333 0.666667 1 
12 0.333333 1 1 
13 1.11022e-016 0 1 
14 1.11022e-016 0.333333 1 
15 1.11022e-016 0.666667 1 
16 1.11022e-016 1 1 
17 1 0 0.666667 
18 1 0.333333 0.666667 
19 1 0.666667 0.666667 
20 1 1 0.666667 
21 1 0 0.333333 
22 1 0.333333 0.333333 
23 1 0.666667 0.333333 
24 1 1 0.333333 
25 0.666667 0 0.666667 
26 0.333333 0 0.666667 
27 0.666667 0 0.333333 
28 0.333333 0 0.333333 
29 1 0 0 
30 1 0.333333 0 
31 1 0.666667 0 
32 1 1 0 
33 0.666667 0 0 
34 0.666667 0.333333 0 
35 0.666667 0.666667 0 
36 0.666667 1 0 
37 0.333333 0 0 
38 0.333333 0.333333 0 
39 0.333333 0.666667 0 
40 0.333333 1 0 
41 1.11022e-016 0 0 
42 1.11022e-016 0.333333 0 
43 1.11022e-016 0.666667 0 
44 1.11022e-016 1 0 
45 0 0 0.666667 
46 0 0.333333 0.666667 
47 0 0.666667 0.666667 
48 0 1 0.666667 
49 0 0 0.333333 
50 0 0.333333 0.333333 
51 0 0.666667 0.333333 
52 0 1 0.333333 
53 0.666667 1 0.666667 
54 0.333333 1 0.666667 
55 0.666667 1 0.333333 
56 0.333333 1 0.333333 
54 0
4 0 1 5 4 
4 1 2 6 5 
4 2 3 7 6 
4 4 5 9 8 
4 5 6 10 9 
4 6 7 11 10 
4 8 9 13 12 
4 9 10 14 13 
4 10 11 15 14 
4 0 1 17 16 
4 1 2 18 17 
4 2 3 19 18 
4 16 17 21 20 
4 17 18 22 21 
4 18 19 23 22 
4 20 21 29 28 
4 21 22 30 29 
4 22 23 31 30 
4 0 4 24 16 
4 4 8 25 24 
4 8 12 44 25 
4 16 24 26 20 
4 24 25 27 26 
4 25 44 48 27 
4 20 26 32 28 
4 26 27 36 32 
4 27 48 40 36 
4 28 29 33 32 
4 29 30 34 33 
4 30 31 35 34 
4 32 33 37 36 
4 33 34 38 37 
4 34 35 39 38 
4 36 37 41 40 
4 37 38 42 41 
4 38 39 43 42 
4 12 13 45 44 
4 13 14 46 45 
4 14 15 47 46 
4 44 45 49 48 
4 45 46 50 49 
4 46 47 51 50 
4 48 49 41 40 
4 49 50 42 41 
4 50 51 43 42 
4 3 7 52 19 
4 7 11 53 52 
4 11 15 47 53 
4 19 52 54 23 
4 52 53 55 54 
4 53 47 51 55 
4 23 54 35 31 
4 54 55 39 35 
4 55 51 43 39 