0 156
0 701
0 545
0 439
1 171
1 438
1 260
1 221
2 267
2 410
2 147
2 169
3 23
3 79
3 32
3 51
4 -1
4 16
4 5
4 172
5 -1
5 43
5 157
6 737
6 279
6 57
6 163
7 247
7 606
7 -1
7 401
8 551
8 23
8 372
8 176
9 301
9 186
9 700
9 828
10 59
10 464
10 21
10 159
11 405
11 245
11 403
11 377
12 46
12 786
12 315
12 445
13 816
13 656
13 -1
13 819
14 23
14 32
14 538
14 723
15 349
15 323
15 629
15 -1
16 445
16 304
16 828
17 -1
17 491
17 285
17 383
18 269
18 518
18 157
18 141
19 809
19 187
19 428
19 449
20 540
20 384
20 -1
20 -1
21 213
21 194
21 -1
22 -1
22 137
22 277
22 443
23 -1
24 555
24 232
24 453
24 787
25 586
25 749
25 601
25 26
26 532
26 748
26 178
27 282
27 725
27 -1
27 36
28 171
28 113
28 221
28 399
29 486
29 64
29 834
29 773
30 536
30 330
30 -1
30 165
31 514
31 44
31 560
31 704
32 154
32 134
33 58
33 517
33 530
33 186
34 131
34 478
34 816
34 540
35 541
35 766
35 736
35 809
36 463
36 52
36 135
37 426
37 817
37 626
37 664
38 203
38 636
38 535
38 724
39 201
39 -1
39 220
39 737
40 125
40 132
40 -1
40 179
41 343
41 344
41 448
41 653
42 630
42 704
42 541
42 62
43 269
43 -1
43 73
44 295
44 129
44 557
45 268
45 528
45 411
45 59
46 -1
46 47
46 278
47 606
47 79
47 230
48 618
48 611
48 317
48 758
49 570
49 569
49 66
49 144
50 413
50 414
50 788
50 196
51 446
51 -1
51 76
52 575
52 83
52 242
53 687
53 688
53 300
53 111
54 524
54 338
54 583
54 96
55 109
55 276
55 94
55 614
56 604
56 613
56 -1
56 -1
57 298
57 720
57 163
58 -1
58 228
58 107
59 194
59 528
60 752
60 515
60 848
60 770
61 467
61 826
61 324
61 361
62 639
62 392
62 305
63 382
63 649
63 535
63 580
64 109
64 289
64 142
65 481
65 146
65 598
65 -1
66 464
66 573
66 737
67 761
67 -1
67 760
67 440
68 534
68 504
68 -1
68 615
69 -1
69 309
69 329
69 652
70 750
70 728
70 359
70 746
71 741
71 501
71 500
71 473
72 167
72 141
72 228
72 104
73 700
73 210
73 243
74 354
74 560
74 295
74 153
75 161
75 186
75 315
75 107
76 134
76 304
76 -1
77 229
77 386
77 419
77 114
78 314
78 208
78 341
78 705
79 607
79 446
80 159
80 189
80 487
80 272
81 86
81 -1
81 140
81 602
82 640
82 665
82 688
82 593
83 201
83 139
83 581
84 95
84 331
84 308
84 283
85 560
85 432
85 151
85 797
86 -1
86 525
86 -1
87 455
87 785
87 221
87 309
88 193
88 218
88 803
88 121
89 437
89 180
89 209
89 490
90 384
90 110
90 -1
90 -1
91 528
91 521
91 390
91 599
92 447
92 444
92 416
92 137
93 -1
93 488
93 587
93 604
94 276
94 -1
94 615
95 356
95 259
95 672
96 236
96 549
96 294
97 -1
97 -1
97 592
97 613
98 720
98 -1
98 298
98 743
99 610
99 -1
99 539
99 485
100 511
100 271
100 532
100 215
101 827
101 -1
101 821
101 361
102 415
102 645
102 -1
102 -1
103 -1
103 732
103 505
103 595
104 227
104 -1
104 228
105 108
105 225
105 -1
105 402
106 238
106 -1
106 -1
106 403
107 -1
107 241
108 278
108 264
108 -1
109 -1
109 400
110 -1
110 486
110 834
111 393
111 415
111 300
112 843
112 284
112 423
112 197
113 471
113 426
113 335
114 418
114 620
114 143
115 317
115 650
115 -1
115 770
116 378
116 -1
116 644
116 323
117 812
117 468
117 544
117 350
118 302
118 184
118 -1
118 297
119 292
119 -1
119 201
119 272
120 807
120 754
120 -1
120 492
121 804
121 234
121 803
122 303
122 718
122 163
122 144
123 -1
123 347
123 239
123 228
124 288
124 206
124 -1
124 496
125 349
125 -1
125 146
126 785
126 790
126 652
126 309
127 426
127 534
127 376
127 550
128 348
128 205
128 -1
128 740
129 555
129 561
129 371
130 633
130 763
130 -1
130 -1
131 478
131 384
131 579
132 353
132 378
132 316
133 548
133 679
133 670
133 226
134 301
134 282
135 575
135 258
135 576
136 759
136 -1
136 574
136 726
137 -1
137 243
138 300
138 512
138 683
138 645
139 220
139 291
139 580
140 262
140 366
140 489
141 456
141 838
142 397
142 398
142 537
143 400
143 -1
143 668
144 261
144 163
145 433
145 -1
145 312
145 745
146 479
146 324
147 742
147 745
147 -1
148 244
148 631
148 476
148 778
149 368
149 727
149 496
149 288
150 832
150 364
150 284
150 847
151 394
151 419
151 386
152 260
152 676
152 668
152 419
153 179
153 164
153 480
154 412
154 470
154 508
155 730
155 808
155 -1
155 814
156 586
156 643
156 259
157 239
157 578
158 162
158 764
158 -1
158 771
159 188
159 -1
160 391
160 679
160 420
160 256
161 470
161 -1
161 508
162 760
162 -1
162 763
164 354
164 -1
164 246
165 -1
165 270
165 -1
166 438
166 543
166 174
166 252
167 456
167 517
167 805
168 192
168 250
168 261
168 526
169 715
169 -1
169 -1
170 546
170 336
170 577
170 -1
171 534
171 504
172 609
172 445
172 185
173 255
173 221
173 471
173 455
174 534
174 -1
174 627
175 429
175 632
175 584
175 483
176 262
176 459
176 372
177 612
177 822
177 830
177 381
178 271
178 733
178 601
179 793
179 -1
180 421
180 478
180 831
181 229
181 619
181 325
181 414
182 659
182 199
182 705
182 551
183 385
183 617
183 212
183 251
184 427
184 777
184 423
185 786
185 -1
185 239
186 362
187 461
187 202
187 448
188 553
188 644
188 274
189 553
189 249
189 603
190 388
190 670
190 334
190 425
191 207
191 617
191 498
191 810
192 721
192 718
192 510
193 342
193 842
193 780
194 267
194 597
195 255
195 236
195 454
195 388
196 414
196 533
196 -1
197 518
197 753
197 297
198 397
198 619
198 360
198 398
199 636
199 203
199 442
200 226
200 647
200 543
200 524
201 573
202 777
202 461
202 653
203 346
203 672
204 326
204 286
204 256
204 472
205 577
205 -1
205 307
206 425
206 429
206 334
207 331
207 215
207 251
208 800
208 712
208 702
209 399
209 775
209 335
210 269
210 416
210 358
211 285
211 581
211 248
211 222
212 -1
212 751
212 532
213 279
213 410
213 -1
214 490
214 819
214 -1
214 661
215 680
215 681
216 781
216 305
216 836
216 792
217 -1
217 237
217 505
217 474
218 635
218 -1
218 780
219 647
219 548
219 585
219 226
220 -1
220 298
222 362
222 351
222 508
223 716
223 380
223 513
223 559
224 475
224 726
224 -1
224 -1
225 230
225 558
225 401
226 338
227 851
227 -1
227 -1
229 418
229 325
230 278
230 470
231 820
231 -1
231 -1
231 266
232 785
232 784
232 791
233 431
233 742
233 -1
233 473
234 804
234 249
234 273
235 355
235 441
235 -1
235 522
236 369
236 334
237 475
237 -1
237 -1
238 -1
238 405
238 474
239 -1
240 411
240 571
240 812
240 476
241 264
241 315
241 347
242 345
242 351
242 277
243 -1
243 700
244 -1
244 476
244 465
245 247
245 401
245 263
246 407
246 583
246 -1
247 287
247 582
248 -1
248 382
248 508
249 273
249 603
250 743
250 367
250 365
251 356
251 532
252 524
252 549
252 -1
253 344
253 544
253 468
253 343
254 738
254 739
254 312
254 303
255 438
255 472
256 420
256 472
257 707
257 396
257 -1
257 -1
258 357
258 570
258 422
259 308
259 708
260 669
260 784
261 717
261 363
262 582
262 459
263 651
263 377
263 565
264 -1
264 -1
265 -1
265 364
265 847
265 -1
266 501
266 497
266 500
267 741
267 715
268 411
268 529
268 778
269 297
270 -1
270 328
270 764
271 332
271 512
272 491
272 -1
273 491
273 383
274 337
274 528
274 390
275 579
275 -1
275 -1
275 384
276 486
276 831
277 282
277 301
278 315
279 -1
279 737
280 513
280 361
280 821
280 497
281 336
281 355
281 -1
281 552
282 -1
283 673
283 672
283 -1
284 839
284 707
285 292
285 -1
286 590
286 -1
286 326
287 405
287 -1
287 366
288 429
288 768
289 -1
289 833
289 537
290 839
290 752
290 423
290 761
291 535
291 311
291 463
292 581
292 -1
293 789
293 394
293 313
293 736
294 669
294 554
294 354
295 554
295 368
296 489
296 594
296 756
296 523
297 -1
298 311
299 811
299 730
299 747
299 807
300 684
301 351
302 776
302 447
302 416
303 718
303 312
304 -1
304 828
305 541
305 795
306 750
306 711
306 385
306 506
307 739
307 510
307 -1
308 462
308 -1
309 -1
310 773
310 398
310 -1
310 340
311 717
311 810
312 745
313 386
313 413
313 765
314 759
314 799
314 516
316 798
316 704
316 630
317 794
317 758
318 520
318 495
318 -1
318 -1
319 533
319 360
319 633
319 762
320 612
320 321
320 823
320 727
321 825
321 -1
321 539
322 651
322 519
322 659
322 711
323 353
323 390
324 374
324 349
325 329
325 652
326 626
326 664
327 525
327 435
327 -1
327 -1
328 330
328 360
328 755
329 775
329 399
330 620
330 397
331 681
331 522
332 511
332 -1
332 665
333 -1
333 684
333 552
333 458
334 338
335 490
335 -1
336 -1
336 -1
337 344
337 468
337 553
338 584
339 521
339 631
339 503
339 499
340 619
340 774
340 596
341 756
341 801
341 713
342 802
342 379
342 776
343 -1
343 447
344 436
345 603
345 572
345 443
346 356
346 385
346 506
347 -1
347 786
348 -1
348 441
348 357
349 353
350 812
350 352
350 -1
351 362
352 571
352 443
352 -1
353 798
354 432
355 546
355 509
356 586
357 570
357 363
358 517
358 456
358 379
359 516
359 506
359 757
360 -1
361 387
362 383
363 375
363 441
364 845
364 844
365 680
365 686
365 395
366 582
366 525
367 721
367 722
367 623
368 564
368 480
369 554
369 496
369 556
370 655
370 484
370 579
370 417
371 787
371 514
371 706
372 713
372 -1
373 744
373 -1
373 702
373 643
374 559
374 513
374 629
375 717
375 522
375 463
376 625
376 627
376 542
377 519
377 -1
378 -1
378 783
379 804
379 416
380 381
380 409
380 -1
381 822
381 -1
382 638
382 412
383 530
385 634
386 611
387 531
387 -1
387 451
388 494
388 -1
389 674
389 670
389 693
389 492
390 436
391 679
391 642
391 591
392 630
392 783
392 527
393 458
393 -1
393 415
394 791
394 514
395 689
395 623
395 677
396 760
396 840
396 -1
397 418
398 -1
399 614
400 418
400 614
401 402
402 -1
402 404
403 404
403 -1
404 -1
404 -1
405 469
406 452
406 742
406 738
406 431
407 483
407 482
407 -1
408 409
408 813
408 -1
408 -1
409 598
409 434
410 745
410 -1
411 464
412 563
412 538
413 788
413 767
414 652
415 -1
417 484
417 -1
417 -1
419 784
420 624
420 543
421 437
421 773
421 657
422 -1
422 465
422 576
423 837
424 849
424 805
424 835
424 842
425 492
425 -1
426 493
427 428
427 761
427 -1
428 809
428 -1
429 811
430 797
430 -1
430 639
430 793
431 -1
431 507
432 676
432 -1
433 719
433 -1
433 -1
434 813
434 481
434 612
435 703
435 -1
435 605
436 531
436 450
437 774
437 658
438 549
439 735
439 -1
439 645
440 767
440 -1
440 763
441 526
442 672
442 -1
442 710
443 444
444 468
444 603
445 446
446 608
447 -1
448 450
448 449
449 466
449 -1
450 451
450 798
451 466
451 467
452 529
452 569
452 465
453 556
453 454
453 -1
454 455
454 -1
455 -1
456 835
457 613
457 460
457 -1
457 -1
458 -1
458 -1
459 -1
459 703
460 646
460 667
460 648
461 541
461 630
462 545
462 -1
462 683
463 724
464 487
465 -1
466 -1
466 562
467 798
467 557
469 489
469 726
469 474
470 558
471 -1
471 664
472 494
473 -1
473 -1
474 475
475 -1
476 812
477 587
477 814
477 -1
477 -1
478 831
479 564
479 481
479 480
480 482
481 482
482 483
483 796
484 662
484 657
485 811
485 815
485 768
486 831
487 572
487 573
488 674
488 -1
488 754
489 595
490 493
491 -1
492 -1
493 816
493 819
494 678
494 -1
495 648
495 624
495 646
496 567
497 521
497 621
498 680
498 -1
498 743
499 501
499 631
499 -1
500 502
500 -1
501 -1
502 622
502 715
502 -1
503 544
503 531
503 -1
504 668
504 614
505 -1
505 -1
506 659
507 -1
507 -1
507 740
509 685
509 682
509 552
510 577
510 -1
511 -1
511 690
512 735
512 665
513 621
514 736
515 839
515 844
515 769
516 574
516 659
517 666
518 734
518 838
519 729
519 -1
520 624
520 625
520 627
521 531
522 673
523 759
523 -1
523 756
524 -1
525 -1
526 546
526 577
527 782
527 779
527 783
529 741
529 778
530 666
530 -1
533 600
533 619
535 634
536 -1
536 537
536 -1
537 -1
538 551
538 636
539 -1
539 768
540 616
540 637
542 550
542 -1
542 -1
543 624
544 -1
545 -1
545 645
546 686
547 667
547 671
547 592
547 613
548 667
548 671
549 669
550 637
550 616
551 651
552 -1
553 635
554 555
555 556
556 567
557 562
557 826
558 -1
558 565
559 598
559 -1
560 793
561 562
561 568
561 706
562 568
563 638
563 565
563 651
564 727
564 826
565 -1
566 824
566 568
566 567
566 -1
567 -1
568 -1
569 570
569 738
571 572
571 576
572 575
573 575
574 728
574 729
576 -1
578 734
578 -1
578 -1
579 655
580 581
580 -1
582 703
583 584
583 -1
584 588
585 -1
585 588
585 604
586 744
587 632
587 588
588 -1
589 749
589 -1
589 748
589 746
590 591
590 -1
590 -1
591 694
591 641
592 692
592 697
593 665
593 -1
593 -1
594 -1
594 595
594 -1
595 602
596 600
596 -1
596 -1
597 599
597 714
597 -1
598 -1
599 621
599 629
600 633
600 -1
601 735
601 -1
602 732
602 -1
604 671
605 608
605 607
605 -1
606 -1
606 607
607 703
608 609
608 -1
609 -1
609 -1
610 -1
610 825
610 808
611 618
611 797
612 825
615 616
615 -1
616 -1
617 634
617 -1
618 -1
618 620
620 -1
621 622
622 714
622 716
623 -1
623 -1
625 626
625 -1
626 -1
627 -1
628 -1
628 677
628 687
628 640
629 -1
631 778
632 814
632 730
633 -1
634 654
635 644
635 779
636 723
637 816
637 -1
638 -1
638 649
639 -1
639 795
640 689
640 -1
641 -1
641 695
641 642
642 667
642 648
643 701
643 708
644 -1
646 647
646 -1
647 -1
648 -1
649 654
649 -1
650 752
650 794
650 792
653 779
653 776
654 711
654 -1
655 656
655 -1
656 660
656 -1
657 663
657 -1
658 663
658 661
658 -1
660 662
660 661
660 -1
661 -1
662 663
662 -1
663 -1
664 -1
666 804
666 806
668 -1
669 676
670 678
671 674
673 724
673 -1
674 699
675 684
675 677
675 -1
675 686
676 -1
677 -1
678 679
678 691
680 690
681 682
681 683
682 685
682 683
684 685
685 686
687 688
687 -1
688 -1
689 690
689 -1
690 -1
691 694
691 693
691 -1
692 696
692 695
692 -1
693 698
693 -1
694 695
694 -1
695 -1
696 698
696 697
696 -1
697 699
697 -1
698 699
698 -1
699 -1
700 828
701 -1
701 -1
702 -1
702 799
704 793
705 710
705 713
706 709
706 -1
707 753
707 -1
708 712
708 -1
709 809
709 -1
709 736
710 712
710 -1
711 -1
712 -1
713 -1
714 -1
714 715
716 -1
716 -1
717 810
718 719
719 721
719 722
720 722
720 -1
721 -1
722 -1
723 725
723 -1
724 725
725 -1
726 729
727 823
728 -1
728 -1
729 -1
730 811
731 732
731 -1
731 -1
731 -1
732 -1
733 748
733 -1
733 -1
734 753
734 -1
735 -1
738 740
739 740
739 -1
741 742
743 810
744 757
744 749
746 -1
746 757
747 815
747 -1
747 807
748 751
749 -1
750 751
750 -1
751 -1
752 836
753 -1
754 807
754 -1
755 758
755 762
755 764
756 801
757 799
758 765
759 -1
760 840
761 766
762 767
762 763
764 772
765 767
765 766
766 794
768 -1
769 771
769 840
769 -1
770 772
770 -1
771 772
771 -1
772 -1
773 -1
774 775
774 -1
775 -1
776 777
777 837
779 780
780 782
781 782
781 841
781 -1
782 -1
783 -1
784 785
786 -1
787 -1
787 791
788 789
788 -1
789 790
789 -1
790 791
790 -1
792 795
792 -1
794 795
796 -1
796 814
796 813
797 -1
799 -1
800 801
800 -1
800 -1
801 -1
802 835
802 837
802 842
803 806
803 -1
805 806
805 -1
806 -1
808 -1
808 813
815 -1
815 -1
817 -1
817 818
817 -1
818 -1
818 819
818 -1
820 -1
820 829
820 821
821 822
822 829
823 827
823 824
824 827
824 -1
825 830
826 827
829 -1
829 -1
830 -1
830 -1
832 846
832 843
832 850
833 -1
833 834
833 -1
834 -1
835 843
836 841
836 837
838 851
838 843
839 840
841 842
841 849
844 848
844 -1
845 846
845 848
845 -1
846 849
846 -1
847 850
847 -1
848 -1
849 -1
850 -1
850 851
851 -1
